50
640 3459 902 8461 14 1551 3216 2705 3987 2580 1814 3616 5921 6945 7592 1193 4905 9004 8238 5296 7217 4531 8630 4411 444 9278 1348 1989 9670 201 5962 8395 7886 6481 1106 4049 472 1881 4185 220 6238 9316 7908 6374 6245 9704 1896 3821 7803 3199
6
t h y v z e
7592
34
640 3459 8461 14 1551 3216 2705 3987 1814 5921 6945 7592 4905 8238 5296 7217 4531 4411 444 9278 1348 1989 5962 8395 7886 4049 472 9316 6245 6374 1896 9704 3821 3199
150
6245 z 1881
9278 v 201
9278 v 8238
9278 v 14
640 h 5296
640 h 4185
640 h 1106
5296 y 3459
201 v 5296
7217 z 7803
5296 e 9004
9316 t 9004
6481 t 3821
2705 v 4905
8630 y 6945
3216 t 5962
7886 v 472
3821 y 7592
444 v 4049
1551 e 201
9704 z 7886
3199 v 6945
3616 e 7803
14 y 3616
14 y 1881
14 y 8630
3987 t 1989
640 y 9316
201 h 1989
201 h 9670
1881 h 7592
1881 h 7803
1881 h 1348
5962 t 4185
5962 t 444
4049 t 9004
902 z 220
4185 h 4905
640 z 4185
14 t 9704
14 t 201
14 t 9004
14 t 7886
8461 t 2580
9316 e 6238
5296 v 472
5296 v 1881
7803 v 6945
7803 v 444
1814 h 5296
1814 h 8238
3616 t 4049
444 h 9004
444 h 1989
7803 z 2580
4049 y 2580
4049 y 9278
201 z 2580
7803 h 6481
7803 h 1106
7803 h 444
7803 h 8461
7592 v 5296
9670 z 8630
9670 z 6245
9670 z 9670
4905 y 6945
4905 y 220
1551 v 4905
3987 h 3616
1193 h 3459
220 z 5296
4531 y 5921
6945 h 4049
7803 t 7908
1193 z 4411
3987 z 6374
7592 t 2580
5962 z 4411
9670 y 7886
6481 h 1551
8461 y 444
1193 t 220
1896 h 4049
6374 h 6245
9670 e 220
8461 z 640
8630 e 5962
1989 h 6238
8630 v 9278
1106 e 3821
4185 e 1193
6245 v 3459
5296 z 444
5296 z 8461
7886 e 8461
9316 y 4185
7592 z 7886
1989 y 14
1348 t 6374
3216 v 7886
1881 z 7592
4185 y 6374
1881 e 5921
902 e 902
7908 t 6245
5962 y 9004
7217 y 3616
7592 y 220
3216 z 4905
6238 y 3199
5962 e 1106
5296 h 1814
5921 y 220
3616 v 5296
9670 h 3216
9670 h 472
2580 e 3459
8630 h 5296
8461 h 4905
3459 e 1348
1551 z 444
1989 z 1896
1989 z 3216
3199 y 9316
444 y 7592
4905 z 5296
472 z 7908
1106 v 9704
3987 v 3199
9316 h 444
3616 z 472
7803 y 4531
7592 e 1348
220 e 3821
5921 e 3199
5962 h 6245
6481 y 6945
7217 t 201
8395 y 9316
3459 z 7886
640 t 7217
3459 t 1551
1896 z 8395
9704 t 8630
2580 y 6245
4411 y 7908
8238 v 3821
6374 v 5921
1193 y 4411
10
t
h
y
v
z
e
tt
th
ty
tv