103
1 2 3 4 5 6 7 8 9 10 11 12 13 14 15 16 17 18 19 20 21 22 23 24 25 26 27 28 29 30 31 32 33 34 35 36 37 38 39 40 41 42 43 44 45 46 47 48 49 50 51 52 53 54 55 56 57 58 59 60 61 62 63 64 65 66 67 68 69 70 71 72 73 74 75 76 77 78 79 80 81 82 83 84 85 86 87 88 89 90 91 92 93 94 95 96 97 98 99 100 101 102 103 
2
u x 
63
98
1 2 3 4 5 6 7 8 9 10 11 12 13 14 15 16 17 18 19 20 21 22 23 24 25 26 27 28 29 30 31 32 33 34 35 36 37 38 39 40 41 42 43 44 45 46 47 48 49 50 52 53 55 56 57 58 59 60 61 62 64 65 66 67 68 69 70 71 72 73 74 75 76 77 78 79 80 81 82 83 84 85 87 88 89 90 91 92 93 94 95 96 97 98 99 100 101 103 
204
63 u 25
63 x 63
25 u 69
25 x 54
69 u 26
69 x 93
54 u 26
54 x 102
26 u 86
26 x 67
93 u 29
93 x 93
86 u 67
86 x 102
67 u 69
67 x 102
29 u 55
29 x 67
55 u 41
55 x 26
41 u 77
41 x 98
77 u 95
77 x 10
98 u 49
98 x 97
95 u 21
95 x 91
10 u 28
10 x 19
49 u 12
49 x 99
97 u 75
97 x 65
21 u 78
21 x 20
91 u 13
91 x 2
28 u 33
28 x 67
19 u 96
19 x 93
12 u 9
12 x 46
99 u 37
99 x 67
75 u 18
75 x 54
65 u 75
65 x 51
78 u 42
78 x 24
20 u 13
20 x 101
13 u 5
13 x 7
2 u 35
2 x 70
33 u 14
33 x 26
96 u 17
96 x 19
9 u 73
9 x 22
46 u 36
46 x 2
37 u 87
37 x 67
18 u 1
18 x 31
51 u 30
51 x 63
42 u 43
42 x 6
24 u 36
24 x 2
101 u 74
101 x 65
5 u 8
5 x 91
7 u 53
7 x 19
35 u 85
35 x 83
70 u 3
70 x 81
14 u 32
14 x 82
17 u 41
17 x 88
73 u 60
73 x 24
22 u 13
22 x 101
36 u 4
36 x 64
87 u 72
87 x 102
1 u 56
1 x 71
31 u 28
31 x 19
30 u 89
30 x 66
43 u 43
43 x 6
6 u 13
6 x 2
74 u 48
74 x 52
8 u 23
8 x 34
53 u 57
53 x 19
85 u 94
85 x 58
83 u 96
83 x 93
3 u 47
3 x 66
81 u 76
81 x 38
32 u 95
32 x 7
82 u 84
82 x 92
88 u 89
88 x 67
60 u 43
60 x 6
4 u 8
4 x 46
64 u 103
64 x 67
72 u 45
72 x 93
56 u 80
56 x 64
71 u 100
71 x 92
89 u 88
89 x 93
66 u 45
66 x 102
48 u 1
48 x 58
52 u 29
52 x 93
23 u 60
23 x 34
34 u 13
34 x 2
57 u 14
57 x 88
94 u 11
94 x 71
58 u 53
58 x 19
47 u 94
47 x 31
76 u 62
76 x 66
38 u 76
38 x 38
84 u 12
84 x 64
92 u 3
92 x 70
103 u 61
103 x 19
45 u 37
45 x 19
80 u 68
80 x 46
100 u 59
100 x 7
11 u 79
11 x 7
62 u 44
62 x 31
61 u 15
61 x 67
68 u 39
68 x 6
59 u 9
59 x 91
79 u 27
79 x 91
44 u 90
44 x 40
15 u 16
15 x 93
39 u 60
39 x 34
27 u 39
27 x 6
90 u 79
90 x 10
40 u 50
40 x 97
16 u 103
16 x 19
50 u 59
50 x 10
