223
1 2 3 4 5 6 7 8 9 10 11 12 13 14 15 16 17 18 19 20 21 22 23 24 25 26 27 28 29 30 31 32 33 34 35 36 37 38 39 40 41 42 43 44 45 46 47 48 49 50 51 52 53 54 55 56 57 58 59 60 61 62 63 64 65 66 67 68 69 70 71 72 73 74 75 76 77 78 79 80 81 82 83 84 85 86 87 88 89 90 91 92 93 94 95 96 97 98 99 100 101 102 103 104 105 106 107 108 109 110 111 112 113 114 115 116 117 118 119 120 121 122 123 124 125 126 127 128 129 130 131 132 133 134 135 136 137 138 139 140 141 142 143 144 145 146 147 148 149 150 151 152 153 154 155 156 157 158 159 160 161 162 163 164 165 166 167 168 169 170 171 172 173 174 175 176 177 178 179 180 181 182 183 184 185 186 187 188 189 190 191 192 193 194 195 196 197 198 199 200 201 202 203 204 205 206 207 208 209 210 211 212 213 214 215 216 217 218 219 220 221 222 223 
2
p g 
26
221
1 2 3 4 5 6 7 8 9 10 11 12 13 14 15 16 17 18 19 20 21 22 23 24 25 26 27 28 29 30 31 32 33 34 35 36 37 38 39 40 41 42 43 44 45 46 47 48 49 50 51 52 53 54 55 56 57 58 59 60 61 62 63 64 65 66 67 68 69 70 71 72 73 74 75 76 77 78 79 80 81 82 83 84 85 86 87 88 89 90 91 92 93 94 95 96 97 98 99 100 101 102 103 104 105 106 107 108 110 111 112 113 114 115 116 117 118 119 120 121 122 123 124 125 126 127 128 129 130 131 132 133 134 135 136 137 138 139 140 141 142 143 144 145 146 147 148 149 150 151 152 153 154 155 156 157 158 159 160 161 162 163 164 165 166 167 168 169 170 171 172 173 174 175 176 177 178 179 180 181 182 183 184 185 186 187 188 189 190 191 192 193 194 195 197 198 199 200 201 202 203 204 205 206 207 208 209 210 211 212 213 214 215 216 217 218 219 220 221 222 223 
444
26 p 55
26 g 109
55 p 139
55 g 219
139 p 22
139 g 209
219 p 169
219 g 72
22 p 210
22 g 32
209 p 14
209 g 92
169 p 204
169 g 131
72 p 21
72 g 196
210 p 152
210 g 174
32 p 158
32 g 72
14 p 16
14 g 215
92 p 106
92 g 196
204 p 197
204 g 173
131 p 178
131 g 52
21 p 11
21 g 45
196 p 16
196 g 109
152 p 58
152 g 32
174 p 180
174 g 68
158 p 120
158 g 186
16 p 208
16 g 167
215 p 119
215 g 72
106 p 109
106 g 109
197 p 7
197 g 61
173 p 40
173 g 72
178 p 112
178 g 205
52 p 99
52 g 129
11 p 41
11 g 87
45 p 18
45 g 214
58 p 114
58 g 107
180 p 161
180 g 123
68 p 99
68 g 129
120 p 113
120 g 38
186 p 53
186 g 216
208 p 160
208 g 129
167 p 37
167 g 121
119 p 50
119 g 147
7 p 189
7 g 61
61 p 185
61 g 27
40 p 168
40 g 170
112 p 90
112 g 34
205 p 93
205 g 108
99 p 156
99 g 202
129 p 67
129 g 110
41 p 49
41 g 173
87 p 122
87 g 92
18 p 120
18 g 81
214 p 126
214 g 129
114 p 60
114 g 164
107 p 98
107 g 195
161 p 90
161 g 80
123 p 85
123 g 108
113 p 7
113 g 74
38 p 65
38 g 214
53 p 150
53 g 205
216 p 57
216 g 129
160 p 212
160 g 45
37 p 16
37 g 215
121 p 193
121 g 196
50 p 1
50 g 32
147 p 55
147 g 64
189 p 189
189 g 74
185 p 175
185 g 117
27 p 21
27 g 196
168 p 153
168 g 38
170 p 53
170 g 216
90 p 113
90 g 38
34 p 124
34 g 68
93 p 142
93 g 88
108 p 136
108 g 196
156 p 115
156 g 35
202 p 209
202 g 109
67 p 2
67 g 82
110 p 79
110 g 110
49 p 78
49 g 34
122 p 137
122 g 130
81 p 62
81 g 216
126 p 190
126 g 38
60 p 60
60 g 107
164 p 144
164 g 27
98 p 8
98 g 127
195 p 126
195 g 129
80 p 181
80 g 216
85 p 166
85 g 157
74 p 15
74 g 195
65 p 168
65 g 149
150 p 90
150 g 80
57 p 2
57 g 82
212 p 48
212 g 188
193 p 208
193 g 167
1 p 22
1 g 209
64 p 106
64 g 196
175 p 153
175 g 73
117 p 163
117 g 23
153 p 189
153 g 73
124 p 140
124 g 155
142 p 153
142 g 4
88 p 39
88 g 105
136 p 28
136 g 187
115 p 94
115 g 202
35 p 148
35 g 109
2 p 86
2 g 59
82 p 199
82 g 121
79 p 156
79 g 202
78 p 113
78 g 173
137 p 5
137 g 104
130 p 213
130 g 118
62 p 223
62 g 97
190 p 83
190 g 172
144 p 8
144 g 6
8 p 189
8 g 73
127 p 162
127 g 23
181 p 140
181 g 155
166 p 44
166 g 206
157 p 138
157 g 118
15 p 175
15 g 76
149 p 62
149 g 216
48 p 60
48 g 164
188 p 194
188 g 27
73 p 135
73 g 23
163 p 182
163 g 31
23 p 116
23 g 129
140 p 201
140 g 132
155 p 85
155 g 108
4 p 46
4 g 108
39 p 51
39 g 31
105 p 116
105 g 129
28 p 90
28 g 34
187 p 9
187 g 23
94 p 94
94 g 202
148 p 176
148 g 222
86 p 54
86 g 38
59 p 203
59 g 110
199 p 137
199 g 130
5 p 171
5 g 141
104 p 47
104 g 108
213 p 50
213 g 147
118 p 136
118 g 196
223 p 201
223 g 132
97 p 93
97 g 108
83 p 49
83 g 173
172 p 36
172 g 92
6 p 163
6 g 23
162 p 12
162 g 151
44 p 171
44 g 141
206 p 177
206 g 108
138 p 146
138 g 24
76 p 162
76 g 23
194 p 89
194 g 20
135 p 175
135 g 76
182 p 189
182 g 73
31 p 103
31 g 108
116 p 28
116 g 73
201 p 189
201 g 73
132 p 217
132 g 23
46 p 175
46 g 117
51 p 189
51 g 74
9 p 8
9 g 127
176 p 191
176 g 95
222 p 37
222 g 121
54 p 77
54 g 29
203 p 25
203 g 184
171 p 58
171 g 45
141 p 207
141 g 216
47 p 91
47 g 70
36 p 84
36 g 69
12 p 153
12 g 73
151 p 103
151 g 108
177 p 8
177 g 6
146 p 114
146 g 164
24 p 102
24 g 72
89 p 189
89 g 4
20 p 66
20 g 214
103 p 142
103 g 63
217 p 111
217 g 56
191 p 60
191 g 187
95 p 96
95 g 214
77 p 189
77 g 61
29 p 179
29 g 27
25 p 201
25 g 134
184 p 199
184 g 121
207 p 161
207 g 123
91 p 75
91 g 206
70 p 220
70 g 72
84 p 191
84 g 198
69 p 47
69 g 108
102 p 133
102 g 71
66 p 51
66 g 31
63 p 13
63 g 105
111 p 153
111 g 73
56 p 211
56 g 108
96 p 125
96 g 218
179 p 142
179 g 88
134 p 30
134 g 214
75 p 171
75 g 174
220 p 146
220 g 24
198 p 33
198 g 23
133 p 7
133 g 61
71 p 200
71 g 214
13 p 42
13 g 143
211 p 17
211 g 145
125 p 113
125 g 38
218 p 128
218 g 121
30 p 3
30 g 100
33 p 43
33 g 159
200 p 42
200 g 143
42 p 189
42 g 74
143 p 192
143 g 23
17 p 10
17 g 206
145 p 183
145 g 118
128 p 19
128 g 221
3 p 153
3 g 38
100 p 128
100 g 121
43 p 189
43 g 73
159 p 211
159 g 108
192 p 175
192 g 154
10 p 60
10 g 187
183 p 133
183 g 71
19 p 165
19 g 104
221 p 101
221 g 118
154 p 192
154 g 23
165 p 60
165 g 187
101 p 204
101 g 131
