29
1 2 3 4 5 6 7 8 9 10 11 12 13 14 15 16 17 18 19 20 21 22 23 24 25 26 27 28 29 
2
b u 
6
26
1 2 3 5 6 7 8 9 10 11 12 13 14 15 16 17 18 19 20 21 22 24 25 27 28 29 
56
6 b 4
6 u 14
4 b 7
4 u 29
14 b 29
14 u 9
7 b 8
7 u 26
29 b 26
29 u 23
9 b 4
9 u 14
8 b 20
8 u 26
23 b 2
23 u 11
20 b 20
20 u 26
2 b 15
2 u 26
11 b 18
11 u 21
15 b 28
15 u 11
18 b 15
18 u 23
21 b 19
21 u 17
28 b 1
28 u 26
19 b 1
19 u 5
17 b 3
17 u 17
1 b 13
1 u 11
5 b 2
5 u 22
3 b 10
3 u 16
13 b 25
13 u 26
22 b 18
22 u 21
10 b 13
10 u 24
16 b 12
16 u 27
25 b 13
25 u 11
24 b 18
24 u 21
12 b 15
12 u 23
27 b 19
27 u 21
